$ANSIBLE_VAULT;1.1;AES256
32653365306331373364353161306365306130373830316231306538323033653766666537316461
3531656264643433666639313663386138323961363130620a333461303664313963393236313834
62323632613031623865303161396136633434313966376161306439333164346530363164636463
3837393330626537310a366637633364646330306562626535333232323661366635316333326334
62653739313633616137396336316438646135613566333366623930313237653332616662313631
62313836626561393539396364396333323364653535373039623738363866646166306162613864
63646635616464343766353833616262363830373566333762643730313837383238616231656364
66646661366436376664636463656337393039643962313263653134626134333862346561643231
64363834613337633365633235633533386436323561666430363439303438353562386232306437
38643565343466613337656464356261376537313337616631356530333262613034363666636536
39333436396335373765646235306531663262303639363165316362353064663736303565303561
62656437376237306437366531333236636430366434386331656638613637336664653933656436
33633761643363616134616135353732323862306333633262363230623232356664333461656435
34623237323262333962656135346463316536386162396664393231363332623039656465393561
66383065613161323062626664333330636638356633316164376137386163666232663363333361
39333134653334393435656139306463663537333932333061336135333564303132633661633035
61656264646636313135613638383235356161386537623631373632613333393065323339613161
30306133303633363832346637383563356563656264643166313162643231313831373131313461
64316134653139636439343733326333383234313630363236326464333836316235393262626465
35616364333164303236623534623463373735636430636432343266386661393962653864646235
33363261323763666531383761643732613930396364316265323437306463333761653464646661
32303538306339616334306337386631623035343765313239653939613533313562653861393366
36646531633661336565303463613064316235363436623735646231313966336432363631303331
36623966343734333866636431663231376439313930326535653764653137393864643066626464
63363634333462316333313134653339383438373663353931313861626633346330316563666466
62636562613665323362613232666563303966383761346531643134643831363362396462653265
33313263346532393735393535376366356261653463376532333238633563653531663662366563
36623633383562356338636334386664656233356237393637346366303239346465376239323762
33653132346331353135633661356666346639366433646336633831326230643937336435326536
31626139363765616238626265616161643763663530633938336162313838306133626638363434
66613764663235396631623837376561376332333964393661383564656132666336643833646236
62363933303062353631323633636366366639303163656533616665626263363038613165653966
30306664303039646161623266393663343934656537383766643236616666666266333433623631
63373535343661383136393263363935623131323230333139653162613231343532323863323435
62633464636530393730343365623364613863323065613239663435383238663630633861376436
34643333366263376163616666306436646261623439323432653238333436393863346434633932
66393235313163313231396661653232356231633034613936666134656433643362636435346136
37313435346335386235343936386363353934636464653165363066633239303934303930633931
39663630386434383633333735373437396235383838633934353162373633326530306362656261
66633538653337653063306134383137326134636433666463646361663434393036393239666564
62623331646333326231386136323066616535333933616433356466343531313533623063633665
63376231646634356234376163363265333039366534383162653262363365313432346435643736
30666233623232616633316439326238626461383535363961613736613230333636343161313039
62303464626161333030653136316361346566353365343130303463363363383530386432643565
62303434363135346436663331653262643762343864366235353439666630353566343061373163
65313636363364373937313565616339386230313738653165303236393562656139306637323963
64333338383136346431346339396461306264333933343933663333373438333539663737383239
39346265343437646366386139656466663562383532653866396634333230333436393232646435
32626561323837333866363661353163313030366338333864383262373932623030386664626362
63663331656165356363356231383065653264663831663266346335353264313330613163616136
37623030333963303264643532626335353161356164653262663931653564633463626534643738
33623662626637653634386138623135393065643966313135656562653433306362316439663236
34346238646364353563376438313534363233623036636466323133353931366334336332366335
39653539393634366136623164316335376137623036343161343766363939633563386465323738
39323563363738613334633231616232313761643563633161336162343632323033356233623933
31623866626133633432393134346235356663343431643865313738383632643166323334323663
65386632653563656235343133386132313637313964633562396230396462333064383864396531
64616365643839343230393935363662616464353036653864393264323037383038326136623438
38303936313534396532356437633662303537316461633066663332326634343463383235323865
63393961336537353837646539346135626561623938323631393939313763393538313036643235
65356634333733303266373038336539653530626333313632623334623634653831366436346266
32613163333037613064353934653336353433393337303762333537353464623965326436383164
61323235363563393664656238326136396261613561666233343164386165326439663438346534
39393966353634376333663533616562373439356132393761633734303961323432353733333237
36636234306366333862393466333633346162316565376630353334613033343530356136623234
34616537303933326634326538643536633134636337313266616539623836343930623765323562
64306565363162643430346161303034326463393337386638623032306231313834336337343730
31626535383762633962366632323936386439316437313262653936373939643166323964393236
38356139316135393630336132623962393666363765323839303833636535623834346638373764
64633566623533303734396639383061323534343766326261636363353535303533333266303736
65623639663563623735323465653239653739353035323433656631346466353134306465633666
64353537633236363438366232353364646362313566333938336638306266636338333431383934
65336535323536303330643237663433323261643439373665306134343838636232376466643866
30646532666433626266363761313036613733333033623036376135386436386533346134376235
64643366633364303138613166333865376130386663666239643234393532333063393566383163
34373761623131376633653035656666663534356630366539613334326264356465336331623439
66316461373663626639333032306461663339613737313062363537343734366633373832386430
61353963383235303538623836323332306238313439336231646335333464613337653461393764
37616539336665656230666662383461353963303062313563333163313335396638646639313833
32366438623761623230646563616239626366643533653162333732393962656135396262643332
30663031346237656666656563666432353339333964613231353236346262633363353766363039
39643164303666383934616431343834383034373465326430383163363165393637663335313039
33333666393731356238386333393738313139663434643464653333633165343732633165633830
33646265386661303536306437643034343762373133306339663965316633643662366534623231
33323063646631666232383236653633336634646639393238373138383730356433366131343639
37313064653839373839633836656339623934376130346436656663633762323436633730663134
35633562303432336262356432323063343231626131616432393838376437326263396235306466
39643131396539653363336439643337323265656132363363393763643664363737356436663037
62306536303035663666613661636166383763646234613966633037373738343362636636386664
33616634663134613961363761316534386465306133616637323439366163366239646665373534
62616539653763616566393231613337356439663265646266333630616630383131343733396330
30303265353466393733616536363036386239656334623764303465636162363835356264643832
30373766656334346161383334393236646363623366356365356631643462616361313935316365
34393536656632323366653132613430306233383530656439653435386166613066323039306530
38343361306562303837353136366437333265656130613936623230313636356563616337386436
36373666323332363034373835636562343337383830336132363734613235623039346139613234
33386235383761323832383763643566396163666238373063396266383633666361656533613133
34383562346337323031343234363931623630336337376261353634356238363263343930333636
32316465343162666533353030306166613439666430356438383966623363666361316362643730
63306465346431643338366237666134356136336663383534663832313238646233616130656238
38386431363531306436333832306236666437316235313430376234333734653130313031333164
63353961336531333330303933353436313337303563353965376537323765306535303230623531
63356362646361646439336366333937386139376434626438393732346363313536356636323233
61346536346239363938306136353638303835376435383262363538373132306331373462373536
62643363616534643862636432646262336464396364346335393936323531376335353934323764
61643037353834356630313363636533663434663730653762646436383537656235373535633232
36366139303130333563393532363036316438653761646133653666343261383430643239336131
63333131353262346366626266376466396537376239346662353237383664633833616461306636
37663264613864653863326263323265313030623566323836303465376665386233333735373963
35366661363663386133336232336338643935343835656362303038333434633664366437306665
30666139343234313735326434626234653032663066323833343364373561626233613136326237
66613261306565393264613161353533336462323966383032303333626464303234383464316135
32383639666433353261633766656638323563616638643632636438643636303338633961346534
38346539313837303439316561336139633531646633326637363230623737343164313938393564
38363338393634343930616464366265343034643336613665616131333865323163626438646436
38346239366566303563353462663566633762363764386665383634333663303932326565663462
63396238626566613561353737363434323837386632343738653830646535646536376664393132
61393335633761326537616439333165623038343632306565643463303831306631396336396665
37663935376664633334643033623730656134616332376632646235326663336630363739303835
37323163336630353761383034653339633939666561373264646430623739643864613138363662
36356436646431393166383234366239363865353530623262626665336639646230363264663831
61636365363631343564383361643236326430386139396636393431383035393231353731363130
30303937353839323866663833616333386538643765303331366437346463356634323166613431
36393338653631326663306166393864643264313937343361333265313365373661656536356561
35303066346465646331366665396338633563323735653930383739623462333234663636663834
64316434623635643564663637383661356232393639326331343232643165303636613961623332
34653534636663626561313630393865646235343961613964376364313039633731633164643362
62663130323564636161393833316437643639633763303230366133663932346339316331376263
66373232316632633066653066643463613266333838666664653631393530643263316437393636
32333734373730383166333832626264323463343635626464626566623030386462626663656534
31646265383339343365336138613162313834646437653665653663613132343630636630656566
38636238356565346137396133316663623363373761333231386438613064383436656134653030
35303434376137633633303335623433376438336532353036343538373466366266366130303936
61373637363731316439393733386337393534643830623662656261656666376631313366386464
31333264313062626430383938303937626563333461373263653734616437303631326230376239
66376630333231336433393331383533626437363464623531373163343530313032316238646638
30313862313164663466333835343530626532373438633864303163383136373161646637633039
62343031336338303432383033336538313539343961336639663235663666666135636265323430
62313134633461363231383931363861616262353464393835313631393662656130613238366666
38333735366465343937616462366635353134656333396231383366353431656237663866653861
66363261316135393232373232636461323836346236396462666232376666353838373164363837
66643437343536623130643863643136666161333261663163316637383036366266336163306136
36613735643133373837366534353731656238663434303439353735303932633138613738313838
63363135313065613231643866333837326261313433316533336131636334383565376333313664
35373131356531623237643235653065616664346564636165653033356232363237353462633434
31343961313630306333393131663133346232396138643735383337663432613030313538613334
36653339653164313132623136313437343931343732393064393864366335633635303735643736
63653265313237643037626334356462313861656634653437636261656133356162616465313934
31346532396231636465316132383963666366336534626634303837323230343662386332386535
66323666613264333636663633303139386266353862376363636366396530376239386330316666
39376266666437646462313364366537306133343561376533393536303035656439626163663133
37323039326537656438376338616538336239333439373764353835646639346266643839653964
34306630303332343763333930346563336461373563346636323661313938343036323232643930
32326466313434376161383765343866353461373634313161653438333035376336383137363836
37616262303734376466376433333834336135366165623130373730306638313937366464666231
33363037646236336261393262363133323930656566663232666164666138323664613061316335
30333730393064366339626131656433366130383361383261333263373533383830383032613533
39306533353164636536393065376535633934346637323233663830326532653439363765326166
39356466633566373136333462656630643739373864363265306531646163393862313738316566
66306134376337356336633864613736663636323533313362653937633831623565653631356330
65633065303334343861633432373636653338653864323737363965393834343730636231336134
63643635353431313565653166376130336137386662633630313166633036613435623861336262
31356536386134333961653137386462353530643430363633643165326334356265343462626661
66633261653264376230663633373439313534346338633730623166653839383638393734353833
38306333356531616138656661346162636531653735363634356439373839623234623165336161
34613239613036616139383437663063386430353766303165326561393434363834643764636166
37653765646635363138396466343530666230623138623235653165623937376330363363373331
32343135366238366463323530623534373136396438323637373534323337363466636438623930
64343664363365633038336263343138633464346562366466613833376631363436303864653364
66343934346332666161393664333437366263383537393961323637323265656666653034633235
38633333343237376438373230376333363762333033343938323131643162386431356464376439
33386639363034336234376338633261626531393439393836653763386432396235343531316334
32313131663438616235386633643565653865613637303730623533313331316438613733346233
32303837396131633936343362316137376430633631393961363834663333663861613434366339
65383766663233303465633132343566393564336439636239366430643432326333306633373435
31306665346465383932636265386363346533333636373366633330383362653533303533616665
64333538353762323061636132343431333934303132343262356535663230626563633966363063
37333135316438346539616162313930303936386231306235343332346234373933373539326133
62623632316335323931313733636137666265393365303138323666666434663530303362366530
31393139656266303363633937333938373435373031313738393538343766306161653630386465
63383830623862373561313732366133663930336437373336643231663966393030316533313566
30616635323032306462343035616562626632656565353164366537313866323837336466366234
36323766666430623338343738646332323439666435316436636339353364613464333137623932
37346363333936653266313862346462376438623766633535386166316438333732356637626531
32623863316630303465363637623663386531316663626536656630363132613330323065633237
33666662336230303138353831316432643464363031333938623838326138386634636164306539
38383264356663366433333637643839353137373966656564343233656266613532623536633064
33663335666264316136616438333137333431633037373335666437366264353038303937613561
65336436663432343834326264333830613361386161613632343962346131383730393539636266
36386431666531636464376362623862323765613363626338346363336464623736373463626635
37383865313334626363633432623339376537343365373830646535363537346633343535383463
33323266656535326639376266316365663836316330303733666261316665663632366439353733
37303734343533656631626265616463396331396338346535643161383032393861376530386263
36323337326235613833393439313230326661386634396661316431636365383664336237613738
62323737323562616136613733653466663465626234623033613637393738626539623638643736
38383662333631666561636562653237323935376361333436613861383463643137613637636537
62316561613962343531383664636535646263666462303139323730363530356165303731343261
35663735343463323564386633623531333466376665653834323236656635643964343762316462
32633331306366353365653264383739373236616465636138646333313264393434633961653035
35383837616335346636653436333164373366643530336463323738356437653533393433616363
31376532613666663932356237363464636264653864393739623466313135613265353535393139
32346434346635373731613566643338623031353134316433363932613962343737366163636339
35626363366364303833656430653065623536656363306638323939666561613032663465363135
63303861393266333634386164303933323938623734633036333264633766376639613131386632
64616338356134396234646135663932646161303163656132646538306263346333386436373238
35646233383136613562353638313162343861613937616164373266306633353638346265633262
35323763306537303763306337636436666662663664636237356365313734376536633434333864
64633031333233353730623139303831353231343933333163643066376131613861383863373331
36333165663461313335313065383765626439333864383963303334333938663236396135653661
65333938356463313133356663343861646437646462323531623063323830646331653634613239
33363530663363346533633764376436306330393132316631363761616638323132656430636139
61663261643431646439653336363238326430663532383339626562306236643565393636616164
33383737353435653038353462646361656238623132653938663432336539636561343732643437
36613336383632316565343632363534393537353163303733626135326530616564333435303161
64646132363331343633653736363433656335323733383332366362306565316136656432393061
37356165373732323065303961313336666665613530373135323263326265313935643231633934
32306464383564306366376431656131306431353765323638633335633565373939
