$ANSIBLE_VAULT;1.1;AES256
38376632396430623064376331626330613266616234386234323331333462623362323336616365
3630663232383335653538386465383364616661303736340a653162356630333462353536366365
36346433616639373334333233393066383964373737643636643664323837613965333131323564
3433323737393536630a303136613631363961633039666637363835646465663365346331353866
66626530363265333663353135636339626161616639366164363238656138656430353739666538
33653261343534343364313935653931303532646339376462396538386133386636623837383162
62333035633462353133393166633638396663656334643939376234666330316630386531613562
33623339336639623630323265386566363130613861616264626235623738376163303339393533
64313533663461313538653531626361383034336261636166343633373937393530613765656234
34653335353433323136333761303663353637346233333064336364326235346331653537353237
63356238623735343865656665373530363730636230386137616538623130653634633339333262
37643531613863323961306134396264313839623433323738623435303930353462386137396137
39646532616132356535303965323632363862643439653363383439333866623938623139383937
64346264313066376238303839643831336538366534333736613938636535656630343166366233
61396638333766306164363562336162366237663835326132343161633066643062623434376334
62323566303964373733306334613765653364613431376537623030313364656630326463633861
66643962373438313937316638623431653333373363633838306264366264373565616339383234
37323531336262663136656235366536313536626537373233376365326539643535653635666165
62643730343633643863613761333863646634383937353866383863393438343435626439363665
64366266393265666638386633306237666339306132653732303361323463313439653762366365
65633438326532353530623639396532313261633430306331373631633563396264613933663332
63663262663763383230313439653564316634613638636663376564623635376162366433386361
37373731623566366331353664363335616330663339663637613632383664396335313431373361
39343763373761613162356532616332646532333162663331363162346334656436303139656631
34396132386665363235353532653331646563333136356330373630316639306564633139376164
33383465306635396165333831383436643038646436663231306266356462333362373632393038
62313362666132343934626363613636313063643632306665376534383064386462306364656235
33633131306637396365373666396237366433393932653032653662623738326461313736653662
30636561663237353239356261643262343163363239316137616366346163373232623934626261
66656434366630353839353839653365333434323036666134363533623337373938656432333537
31313132383436613333616162613666303665613061626461633739346463663937656537643532
32643535356265353963363334303139323733643264666232653862313263333238316233333834
34353433643134356135366139646561326562633231346636623962373964613435303333313064
35396562666231666333303236623432373031663030663064323231353837303864306361613063
33376362633836303730653130376365306361616331663632323138663038663133653733383566
61366565303864336163386333633333636632303034653039376337396134343239336265363734
66653033356263313961633566366132373633303237303461353632336239383132353262616430
61643033353464666339386666396139303964373032306634356135643232313231633034643732
65346461373661663263613938393965306361373034363264393330633163616662343261613764
36323333393635666334653862383963333638653534383837626233313965636532306539636163
39356666666363363163386137373231326561646531646130316366633539653031643361333834
64666430616132373236653264363534646134623964653835663638376462626635366131666337
32313366366434323765323834366565646539373630386635366364373138643136616638346363
64306435373165643137376661343063636663313235323636323961326637616333666462383364
32366162636666323439623831316337313639626639306333343633633063366264333831633131
64373330326333613463653431316265663263653762346439303437343362333931333039613363
30643165346238306261636663376564643065353736326333306262663531626362346633363862
33666565383431633931396136636563326361613938656364613064626266396135336163393261
34356633656132643437323361626238386531313464383734303034616133316166623235633139
31356335323439343262343463323733323132343632383836366164373966343761333264373564
36306531633332306662353435613361306333396635663736633931353039623464396233346463
34373531616362326432363135306661663531316361386664363763333639613430373466303333
39386361656463333436303065646266633765646239623238636634366534393533613331616539
30626537396338396236663937353539646361383261636131653636323835633534356236303938
65666266653936356362353237343832383764316337353165366463326135613832366466323832
62363331306633393538363333626465663461666434333061623138376231653033306334303231
34366533613464336333393263306430643236313133333764623936303935373731343161633631
34303661323432633364306138333664316565343834343165323163613835373461383063323930
38316662393936653730333430613064633435383538333364313532663136383665643331633939
38306131633531336662363061376339623261646237613964373031663865626561323331323233
36626239383330353464303764623638343230643930366361346535613234626232386235613334
35616539633237653461376631373835346131356237333430353031336435303538666532303733
65353239373362353531313765376336646330393365356462666565626537306230353637646164
61653934343262363039353532383131663366653437336562383237303366666165633762323439
36636562663166306630303561653139353965313039323031626632363433313463636336353562
30326533626636363634666433333238313734326266326564653933306663376532386563363236
35633334326561373761336135616430643133643830646161326134326632366131393933656463
38626664636236326266643632343265633437653839373230653534373035343836383562356563
61383833616333353465333038313838313330666365356261396632623536376334623233663037
64633434383938313463353537366231393231353234383234376532666534333638383562343038
63303462373461383166396466656363643131643735356233663531313635393462366466323861
66353561353563646561653138323666663334623036666238343838636138316166353636613165
66656562393235363438663364613833663863343964616434336664363536346330666233613637
37643636616564636362646638623561323338653161636238653232356639343935393563383730
37653537356435376366373864316533343231656433346464623932313038393264616335353964
65383834393562656461386135626235383965316230643539383266323130323630663230393336
61633432306136353938323239656566323335643833666536353337366134386533663432616436
30356263373162323633613432386535343732376335656333363139346334633564346330376331
32323136636437373031326230363539623437303162633464346638616264343731346563333966
63353863663934373038323764326238613530306635336464343330366239363564663164373263
37393761306666323932336530393033353536393961643137366366343636613562653432316235
39356534613364663062663533666263656261336239313730656230373265623731313465346638
65333163326537373433613433343535333731616362613063336537393831626436323361343831
37386265363262636465373865333664653638326132653333313966363534616133666161326134
30376531376632316364326537626334613131353832653433393538366434613736653330353433
62623834363465346136343534393833373933616565643733633733353932656636616664376338
66333730663464326336343831343239306363316530623663656233393865643436613338343962
36376235353761356431363038356238313731353332663738303432373530323530336337626361
39363466383737373433396137353837646231626238373735336164616361653833633833316230
66396536316664663137376161643033323137363338616130363631313362666532316365313332
39623261383438636338646562373635366663343363653766353530353038393466333638393238
64613134373935346562643366336364623037316337653830636536313838616563626164336130
64323732623336643438393630336262656433613438656566306134643239353763653565366336
36643830356235356234383866373338376364396333643661326132393136323466396235633332
61303537336638386466323466633831316563393235363165313962626239333130656233613639
36633038336664343837353065316362306436303466366238356132336137613161396431386436
61633237653730373563343061386661393531633036633764623439316161623934356138383339
38663536326130303736363766633736316533646535353463303265383964636639346431323833
38343263626439643631343830613261623263663235643062393439363737346333316333616534
62643365366230363263623761393139373466356630396461383739343739323164613362373336
62363331656632653735353338303463663062333863636365613363303530316436363462393330
32626536666330323835626565386530656163643962323034346662343833313930373464323961
34613035626661633664643135303365666233333236616132613262396261633562323762313731
35626535636632396561386432356331646338363864393030366230343935336637656361623331
38643234353232653030303134626531326665346465346433366562613139303837636361666466
32626163663261333830356537636536346330383162643232323035623037393266623664343430
31356265663837626362313636356133633933363165316436313332356664666335336331663234
62373230613233633235633432343561636164663339396366626332373939316636653565326439
30656432346632623561613536376534616437653266353537383139373061393132373232383163
36666434396462663561343762376537393465346337343130393836666332626430623431346261
30353262653464333039343535613335316131306366396563373930653236613066396464623835
35633665313733613138333665346336356434646334613236336338323165343965626635353539
35306562616435336366303262326163623261383139663261633130646534393238323164383339
31616233613335383837353865656264343632636661393336386338303362376138646638643232
64376233623366376463623862623834663737313737313435323366393762306132333336613164
61663732646564323037646166623635626539653431373633376266366164666262616337333133
66633833356662353062373066336435386537663661333636306637313265316437623963353935
65393562326430666134633661643965653735323961626432376436653132616264626439663363
36326363396436336133326335643966323936323163313564343162663363333233386534633339
66323830666463303133646366643266383935653437633264366138636337636131303732633033
62653139366138623034363130373032336135653466326639333165323832636662346663386137
66333336633438623839363733333130313762326661396634316562313762306435363236353964
64353866306565313936663934393164326631636235623431353239336561313439646434623131
65326665353436613661396130613731653861366263386562623465376465363235353531656535
32316332376632616631633933343561373935336464343335653839333062633762643334363335
35613734656434396663333331653463633333366531343565343264666235333735373562636663
36663166633739646235323363626162633130386635626363333731643837653334303138623439
64363039633936336139626333636334396130383138316463333832316633343931366261313937
61653465636665323366396431646362323064636235633061353639306437616664393338613639
66643265643164396338326436326430666637343866313865623831383162663266386637366530
31663036636332343065613230373766346436366632343462643363666533303338643833326639
37633262663037653263303633346265326165633131666663373339393733303163316265306139
62623534346434343230303835306636393265353334306233333838643365396262313835376234
31656336353963383964343636316464643532633034666531343761643563323364653831393035
64383563373461623866643737383035393362366433643739663266653636303234633064386635
30333531376338386264363334623862386664363161653661303134633939303365613437376138
61653830613930323466656436636664336536383235653263303664656133373136383666663837
62343533663833626164623438646633353534623839313431313437306262633834373364336134
36393731383131383534363230303861623630313330666430323535616130633936623964326137
32303766653834666331656464386662396339306263393430393335366536366431633036366432
37336165333233666264356532343938373934386131326264636162653832376164346561613766
66346539653136626235303333343038623766333361316637353236373464353535343437316237
36346437393165626338393464336663336132346631356465353833386662656338396563353539
38323261376262313631623461396531663466636236663632663838656335616537366632306334
32613235613931663032383234313331393833376462313764306132333761666435356630383165
32303264623434306134633362646130313338613335643132623730666530653232373136613532
39653237356638646565346633393332363131626338393530316530376561623636643637306162
66373465633036343366666265333136333062353830303466666266386464363731313135373862
30633265363963303539326631333865396462643139376563313864633863633961393937373537
33343562623633386631373634396634653230633139373933353165316239613138643961306331
31636531663339363965343866306333333031356561303630363331313731376133393336336334
65373537393866613337653062366336396133643235633431313534306536313139386661373034
37386639323564383166633164353932653862646230346663303936353861623062633936616639
36373637646361653463643730636136303161616632393830663366633161366664663530643435
30316638666361646632366163376439343261616464313331633937363036363861613465326539
35376637316231663261643264346434343233396437636635313339346334386439633965393063
37646132393635336466626339643838373535626435313535623635353763656131336462623539
34386139333462616664613930613162613566613736653331366663313535346539346631383661
34666138653466383838653837316239653238653963306634623137656265653632336364616330
32343963653132613138666166353139376364383433623761616237343739386230393337336631
33666461656138323730616132653731366439383831316636636336623433363930646539366261
38643961666133353864613338653538643731393334376234313362623533316433303463356237
34376465636239363066663961323432613333646562303739383564616238666637393564643232
32386633656230663939373735633731356436336165643833303138623465353062643638613639
36643936636630373239636161663433373130316630383065393334666135613432663862303538
38333263646136346134313034383033303461643463386231666334316563393162353235633139
61643466626233373435653931383633643735643535343531396565396633626365303530626566
65396466333734336337366538663536306337383638323562646466346635316137303461636164
37373362383335356565393733303162666530626566386134653832316264333166396361336666
33396631326261633166306464633034663065663363393166363163303361666462313333383361
30616230623338366338663466303031653431666564353732633537373731666562633638636164
31383364366333386532656663356663326161386262346634386165373061366438636534613765
30643432336265383265303036303132346238303337623563316335646631623639653337323161
32386631613136623930343761623966346234653164323764316162623432363864663735303136
66643138646632396365373261313261316562663963613036303662323435316361646562653065
37373765613936383038383530363330363837303937323964626534316562346538636432306236
38666462396432353439393433643934633237353938663239376165633731643833663434336161
64323164343539386339316564383930386534336264306338313930393232303639623862626535
36333463353237346238626533333263336263343137646237643462313633303765333033373865
65656636363634616165653636666430663764353631613930366632616631633839343630336337
37313666326335323865393566346337613236623566643566306435613431306164343763386437
65343033383638396365633064383661346334663438333637336134366538373164663239316264
31633233633330353130666431623733333035393261613737303163313036393365363965333561
33306663656230356535643466633532323236323534646434386638353239393965363532376130
63333038656439653162396263303937336430666163373136363639303931366330396361313366
64666663313264656562383665353933326134303830613065666232333231313662343535303964
63323337363662333866333131626563623230663537623232623730333562393533633836306661
64306135356663376438313738313265623832623333613063613235643866326533343364323964
33333530303231616239353534396438366163303466613865363565386466396331633334336135
63646464633363616434643332643733646135626464663464313938353938313731653836386433
36616561386261616234376363316563663538396136373934633561653733303334356561383361
33306335613636626464336339383436346432303135343630383033323432366330396164313566
33666139303661626131626230653361396232393363626331663036656539376433393336353365
64616532633436613861663362373435313639646232666161613039323739343866623061653562
65303739663139363534383030633065643732643434653935633732623963353230336165373437
64356464366365613935663635633166643361313435643065316137353735333664343039633536
34376634633632396366393436626330656136643135656138646237323339613564666661383365
63663935386138343466613330643838656630623433656462346664326636636139623432336136
35326263343337613461396465636336386535303235613635623134323338306263653331666434
64643064393733643637393133666565626439383239373462646133663864383761383236353735
35633866363539326661386662666661373262316434626337363437623731376239313233643364
33383061636339336266666130656236363632323934343864303364376135656635316666383035
30653663663332616466373835356632383364663065333061326465373264303266303861323565
33613030323636393036393861343138303662376462666435386136653534383866313431613732
39623066366661666438353564306439363239623333646232343430666432663936333730356163
38353533313836626335633132656139326432646661643238316639306630613361343732623535
65306233346537306164303932396565623632633833656361366264643662353461623037393964
39393333663335316233623366316135343032343534636536626430303265383066326665353030
64323961633137333632636564376532353266623333623463323033383137653962383435303339
32626666303737373731303737373838346162613036633739643032643136356333346330316136
39663231393563376664316234353832313438346662376139386565643266386333383061373366
34353366306632326132393836323063633364376431366531633263623366666431356165656631
39383533383631363431306634663539633838313936393966646365376637363331303338376365
39623331313430386531623837383633336331376363623737656531643431363262323264623864
31663330613336666665623538353533613138323138356566386132376539303537613134373665
30663464363465393366326639626437323233363365666266316262643365366364386334323434
64643832303137386433353230373335623436366332383636643665356463316439336239633964
61663935663231666162333266313034386236643562663338616366653761316461656337346561
34643039663634613237653634633962323266313335323531633530613562356565343561383937
38356262646130366233343032346537363634353636613761316666326532616537323538306433
61623731333231383331303433356332653730306562646334323061626539363662333061636638
64666133663338663635306635653665623432376162383866353237616331333634316232323161
34393062333462336664626639386665663066333461616364316535623661376265363262643832
34323337636266663236653263643664343637326664636363313230353364303834333665313136
35663065303362633831346462633963323735643339376135303734373336326439643562346635
39356430636638383335333061386263373264623166653933393634616666623234346635303334
30376134386538626336663738626461626439623533366236326234343133333630323666383630
33323338303630333339313131393633646162373632326530373835386236666134366466353730
33383333363561386463613332363836303661663337666538346261343933313031613736353236
32346666326265323761656362313964613439303662653665646530346330633865346130306433
37323232626333383036613132313537386330336330383237313832326536643436623539613539
34323062333538636562
