$ANSIBLE_VAULT;1.1;AES256
64653033386432653636303533353035613539363364386163306334643461306266343430323563
3535313938643833336364303633373234393831366431380a393765336238653966616337383636
31393062373830626133386164393066323065323938326466636634306431366235306364653865
3832303437346539650a623033323661363563376638323633653132653864353066633766343063
32393630663134363933366563343632363136666139313061306639663766363934366631653033
63656639316134316333376331363536323962633230633736306261366234353339333731613531
36623066336637333035653239393931616433363830376330623939316563656338323063613661
61396265323133396164316232336630616166303363303161646466333738353830336535386533
38383363336639643734396130653461666235373463616631303734373461356264383861313964
39396331623437313438626661623761373239643731663163346632376532303061643334303939
37626361663061303065643338393636333439633432323461373432663332636361633364633531
31623764383237633638383664306264653839376637626238653036333934363430333337646135
61653738633533393732323665326139333132343637313235643534643733396263373965383231
61656436656132623133663961373332363432643962386461353433653565356362326261346532
36666537333130343262626264653861636366343635393438353663383538663138653431373937
34393135626462656661396631306439613266356436343464613236623838383135313766333166
63346264663566653561663839643261396237636437623062336561613733386466376334653634
39616338313237353139316261643161363336643566343966396531396661643031633065663738
32346238366664323737383032373564386138346330343134373964393034333836653737666537
64323137643131666564393835363330633664313538616565636666323861323865376232393231
35656436386266303434303530663130313332633531383965323733323635333631616466343531
32363138666231333066653333653534353461663763656264323632326138356162363862313439
30356564383138646539646534376661663437633830363530346665383134613963383234373164
39383763363165336230306661633434383038386534383562313331383633313562653664333035
30623562636662323537633865616664393865303139623631623432623261643365313039393132
37643466333533333131353237393932313137356664326632303936303336643031336134666430
37356439326435386638636632623035626435663964643966663035663836383066373030376639
61383537626464643132623533313732356338366630643639333138663238363263646531663864
30376666313136306534633765313664316165353939306339616363323239636463313437363237
35646134613965626236616263316533663161383132643362303461616663316661346234303831
65616233616163633364373064323564303834363535613036646461623032303264333665323432
66363263623134336264306361396366666438383934373832626566333961613838623738383733
39636566633265616263366362626565383334353163653563616532616366313136623333313730
62333663303638366664303266346639643461316564363366383230353065396466346536636562
31383634343337636637333062613861333332323163616434303934363563343866356131636434
63363161646635326564626331346461313237653132313862616135633865666162383330666637
31373436643637316532633736653039353739373963623430653835353032353233643538353336
64653239373938653935613233633031663766373138623139613465333036373933316164633536
30623835333061313638663632666161333639363462333262666662373930376135336236313865
64646334643036313038666665643366313133393631363136353761633030343638636232623261
66386563616231663337626338663266646361666137333834363837616234366561383430323866
30303038643439646437376566306633626536376138383839363962646334636264366635373562
62633736636566326161303464653435303865356330663163353035323832623330313263323133
36306638303639363536323565383732373735353466663866626635633137336139666539643031
32616631366634626539353436313264646165353332646232663461323830373632363638363132
35636464653038363034303835313433663634643234633165323731613638623139633765623331
38373232373532376161376132383334396134313165663839366636336536313035323962633837
64333035653564663966303036363533613036653738333839326336653661613332343533613064
34663662643661303663616338353438393462616630373065633861373263633033633838303132
65383061633163383534666562653635323335373234383539643837343530393235613364306264
35633636373038363864376434613533663365326237346463653466396334613633303730396165
38653334623535303331626133353037663338373665666635336232613130313561646630366130
37326464386164616361313730653364643636393564643934623765623233666364333338633131
63663165626162636265316566306630656530393864343362616331656264393039346435313439
64626464646261373437366236303364326631656536633235636263373937313666336237346661
36613666353230653965663231326263313630623032376363643431343133653265306433313864
31613363666162376265343466393635346532333831376633663261386131313231633133363436
38636264316665646361353134373135333264636632346263396465656330376338393235303963
66373664363238643038623538663461396237656536643866306237643736306333313033373563
34373965323636356561313735633437363232346238626437333139313437636461646334393330
33376362653365633932346634333464613331653339363661643039626339393039343336636433
65363235313736633361376365356635653838636161333930383966393162363766666365323165
36663862373535376364326230353134623335326638323634656438653631373363373765306239
35656434393235636161646338663830353164663235396638373233323563663763353963323735
63616264313063363635343830653163313536653539393331343833643033663935653933313136
36643132336338623834643363636261323233323235316163633436613433373335376664386339
39666563613736346138356661336635353239323239346430393835393165323530636163386432
66326431613735663631656362616533373562656134343937643537333366383064393239633331
66656662326232353363396231366431653962333130303162663938303730343762616432323261
66616135663639323531366463666430666462366465346130613462323962666238376361343836
32353364666235353037356236346261313665376339623361353031623630336563366666333066
62613133353136386232663530396533633861613763626236623730623462613463363033333239
64323266323131353336623735346539633063373564323932363163636137653730643439663838
65653136373337613331646663626232663330643139383031343430383932636465343531396535
33613563333764373830316631373666633330383664646536646634303165346438636462663233
35363139303132336166656265386435373234646530626663666261353539393461313339613363
35363062623234623131323933363637386432666537326533333538313231356434663563313063
34656532653137386662316538623638303765313738353534346636353033313332336338633434
39313561613561346637306563666164306563313832343266653236633861613766323039353333
65613132396135313834653937323836646633326232386462316362623530363962323066366162
30396663343834383665616162613736613161333464623630353434323637326635393632656465
37333335386136303639626338663939633835373030613561633664316131336132323833313639
34383065623765343139616464663864663938333765656139383837626466336464653531393833
37626630623736633130323666653933646561346366663635336338663131396631373631333230
64656136393665636536313635646464356436373835656164373061643037326534306231373263
31663435613563346436373436393466356133316338646139616131323233623831616262313537
63626631326465656431623134343136376461343665386164303132626535393738636334623565
39323435643233353138366634656331356233356438336433343365653731353464656538363736
61663137333966613861363834663064343133633730653133666465303263393861636666643763
36643538316130386663313038646365613766376338623031643762303733616463633065636561
36383830383166363333313334376364643932396362633863306463393937613737306135656239
37376231393762393566663039653836353364646161326136643061623731323662646338316466
32363639326335383135663631323165643735353863636138343531343663323165393835633632
61326438643539613134653837373038333962306332306433616534393661653232393636393839
34303039646665346232663462396663393333656134646433333935663432333637313761303636
66376237656636626636353737336664626338626338313633346334623733643731323566633032
36653664336636316665366366393134646461313761613565383438323138666662316631333930
31363362396239306265363361343862353430323762336666663962343263376364646362313839
35303261623731653564316363383833383864623438643031326362633938383165373062616638
39323634313232666530616661363436656666653064366336613538306636633430623037303262
63643634323230323538613464306163363833366433376537363139643464306234393034303437
62376363373332303663393961623063396536313635616434386339376130613637643039626531
36646235343633363438626264613338616537643535626465666666363737386466343763343862
34623362636430336563313961343363396638656632323462613133383634653364613332316561
39653162633966643635363036323235343863613638363034326461393163633330633664346434
34333236356362313363656635373738643339616266623762393238383030323664656265656133
36356238336334623935356464373334343138643363636633333732393437653965396630323161
39326339353133643438373335333831363934646238643738383636306633396639363062353461
65313661306234633262663066643261346637323034653636333933613634643561363433653637
62653932666661306564373535376430613264613534613736306632393664373863366531363333
38343737396265323639326561336633643738626633623364636533633336323063616231393033
31376437333932373664376433613464333630336133656130636432396237373166346365633237
39396663326630363738356534323235633133663938376631303364313335356164323439653238
62303564363031313364383338633261363730346238643236393362616330363931323435653135
34623335643033646261323834643032616164313538343232653462356437636462353366663465
31616630323038383662393837656137613234646538653134623632623737333661313762336166
66623236393363643564636266323163633432656562343731643635383535306634346666376133
66653536623463653264303064306363323639343631303261333333643233643561656139333636
39353064333034386262636337376633663361333665376330643933356363643431336437323766
64343538376233323134656663643532353364383338313630656332613965643736663965316262
65643039356361306239306561346136363739636331316338363063303863386361636436376262
63383736613037633036303064383761316566323031653733393366653564663831613133303636
35623561363632663865383838386330646133663732313862323936316630366537613135646433
63363630633965316563363164363030333835376335623233303062663231386261393130313563
65343731386663383936626631373430363530323731346433653435633232653832666562323564
66616433646533333661623763366332393536393663363565316364336264303035353035313064
31336537356665323034366331623439663930326237613063396434376263633231663937383962
61396165323731323830643332316661616536346436366237623937396264613035663764393364
66373635353765316436616232633633303365633563356535376237626431386365393736663930
32393962623138303962393133303834653331373364613134343435393063373634333235366138
65616133646531643861623439376265326431653436343037386365623331343065343737666561
61333565623765303763396637633238373739313065663463363735653239346438333539313030
63306433383365643535306561653065623662653130386339333838323164636131663338326564
38386334343439336466373265383861306439316631373861306663373666663537353861656164
30326635326635336233316533623832393133326464623038303232613632643938393662346135
39363233663634313566613666636331633062383565646536613134643734386366613965373063
63353066303238643534646238366433373661306534666437306336303661333733653731313961
62346365353063346561646438343238316439333535323562336131343364343661306363643534
36633835356538623463336366343235313163613633303733323932393364323363323534343862
65623436636238646633623738313766366631613037323464383938323636663937306532366638
37613739666439663464643064396431333162396535333433316366633731343331343934653166
31663364343465613330626133303161323031643936646364663138356339366531393538633230
63393562643238336530373031613036663235613533353039663661396635323635303662626265
35356666616139623232663861306263316565323963373264343037643564313831366335313735
36623534623733353862393231616466643332393135303938306364316534653366653739343337
31393562623732353662353735656239326265336238366435336635386135393935383366636537
31356531303238613039613933356262326434363662643130636331666338333965373037326463
63623031386166336263343665386331323937343036313663666361353166323134343037663237
31373365303861323735326439343861646634353339313838633837336635316631396635333262
38386637393032386265666331346537316535393330393631373131383565306263303835306364
62623934373239373732663437326363326665316437616230396634343339353562343238353330
37663661653938663265626664346334613938643130623531633831363933353863616237353266
63646562326661326434643363393637373861656262346634613738653161616532336636303335
36306139663861623635656130333439346638643265653835623031613931336162646332626136
37323361646237333435623835613530656632376365356131333032313234346531316138303261
35323964666566366339373439313136393333333865653236663161303633373562656136333861
30613034306139646539633061626262376565666665373163623333333965323937326362393763
65366330306436663461316539333836623836326639656662386262646434303266663535393864
30383566303230633636653538373639643462386262343638373766626238663333363661343638
38643465663765633763313161663463666235326261623132396530323237366231373239303363
64643631326432383334326137306632396537646565333933356431316161616666653961333038
65323730626637646463353735313065326631353866353261323738373132313330323233636662
32663635353463623364306638376434353335663265633366643930373965366461306436346636
65383465336236656338663563393361353938633032353731333839623866366338353535353865
33666337643935643564393139363636623934353532333038383763646134323530643564363036
63653037646566616439393230343635653932626363343438396565376166616636353237646434
63303462326463376462643035393137376134353066356232636161656461636266616234613932
62326230393562666231656266336639656331336133393765353733363235383230656639633663
33663936373632376533353066663665326635313634356631643530306337373961383861666637
34313432626166613338386537346631396331346639346132386230376436323330303138303037
62326139353838363362313462616564643831613935623739333164316262313862346435306234
37626232613830653036303462613835636430613965366662616635663665323735363536363939
35346361636165646565656637666337633738623563363466373066616232633163323834346661
3861333864303032643639666463376432323035656464363238
