$ANSIBLE_VAULT;1.1;AES256
36393334396635343766336337376136626636663763633465623333356632386638353633393265
6335633266356332363966646433316438333037326332610a613330346439653032386230643565
66656338313330313163666637343562326238626130666636623738353235393661343434393461
3532383563306332370a383334386435633631353663333037323738393833346237616632343534
35653439653463303566316461613331303335306565323531323438666664303136393164353036
33613931316265373832376339643134343763646465373838623737356234653361306231323535
38666437333766303466336664353739323130383064366633633062386363656136633534366533
32383034626465663030316436303561623834393563373736346636323365353837636462363563
35343566363538613033623539326436303563333462653937613461363638316338356564353936
35363766653039626665623861643966633934646337666633613562383833323061383036383666
39306330366238323330656565636632306165353536356437633261316561356231326333623930
34626333656639306163386635393531613132343437313766613337336465333136343961353036
34353662326630313137663162346138656537326231383331336666316434653737633665633034
33353533316532376532393533383464396363313362653033666630666234366661343864303935
61333333346364633930636665366164363232373866316237376161366634363433336632336661
39633535623463633464346439633564313866623333383736306161626165613565386337336432
34626266303066343637646532313263306438383964376664313266666630336638353233613533
31383965376334633330313562643238653937313932376431333831366630323362613132626630
62373631656561613464303933376138363165613839373435323131376334386664323539616331
33613634373562633735303732386232316336663431633966313164336439613638373835386636
33353638303231316237343830353361633531393664643030633965373064323135346436366233
62636234396566353537663034316130356239303430616431313464613139396630326634656563
37653533633365386266653564623533373362633064393130623463323164633733356634663731
30376338346666353638383932626564353964666432356265646132356539623764383936383130
30643363323332313037313666643461383165636435366434323631333462316335643963663030
65333036646565653733343430653866343461653934376666383230626134633963666430313466
31343966313930353464353735376238313037323936613330623465663333613165373762383964
31353631643236386337336166356233623231613963383336386663363032306631383661643866
64356163313934653863653638646364643236643166353563353334653736383662613537623162
64636265313662663563366530303036653665333262393034303366646566393339306634356336
35396137383035613238633732666331643462336265323734336434623865623839653839316637
66303366663239353539383137376666663131383963386266626631616566636535303763366233
64333232613836346361396131366565323834376665653137386566613465643437373735343862
34386163386634376561303166393537343633323033333932356432653335623838616334323637
63666439333164663439353966616665386231323335373530313732643431343863333231303835
37633435376635373733616630666666616261646563353539356231393461653763663763663666
31643431663764656231656637666664396333383137313261323336633366306562653062363231
34303431323239613465343931633236383065376436336335313566313665353436353763323933
61343531343165663261646664303234353532656538646638643530616238646465656634373263
66313465626161383933363834396165656330343236643532383836306537306434383530366562
31663236373266646165646364363534633166306662306438633330643562643430353730386362
63366165333139626436333130356634343430323065356439373762623532376664376236656539
39356265656435653861633666316134626639623661353031346434663561373861613464663863
36323036323632333765646532376163363639343036626165363333653065633036646665383835
33646561333636353563356330373833376466666636336561323165336338383634303764623466
63653530616630383438356439393363386637356464323136333366303765616333346139346666
30383665313563626161323334343331353538653664383131303361323362636437616430323637
30306161383830633536383661336638393464666134383461373238363062386164663033623465
62663334383030626361646435636261333265383337656631663262623036383064336465313831
65663365386264343830613562653339343162306333316438313066316231313837626562626630
39333039373663336430326466666636393239336163633263643637643236303737633064303966
38663138326337316562613366653661386462333466383762346138346430643963626537323339
35613761386165313037663736636438306438636135363263663664346539626665363531383436
63373634396339623639336238663336663866363831653433353837613435666361333962346238
61656664653637663165333338653534343038386337336139613632303531336362383232303333
35633038333737633162613737323361366437313436636362386563356662396132306461326437
32333462663438353239353366383433383334373063666531313831386231303137643666373135
31346364353932623634393933303763313137333335353633613734396133663838333766333731
34313061353063613132616466396464383634353032613839616339656163396238396564636536
36626530343564376264663233303162623465363739326234343233313835316363333639383066
36323730333134323861373465383562663766656432653366343364373861623832343835306162
34376333343965346265656564323438333464656261633630626132313763383934323061343538
63333830633635376537353834626364323335336432326130303665383931336236336234646666
62656333653366366138323861666533316537623332316461346533633239333637616134393934
35313664306461613430653562363434633239323234383335326333616163396539303765373266
31633639616664376335313734356433376638623938633766346236383230306664636262653966
31386635386336316464663136343062633434353361616366373262656339353063373534656665
38313366383930643437366563333838633934353130653738353166353036636162363031353938
33356536333234303139333666613931653131643934333330313339323533383864383839393865
61633666623066643131646465373933653230623063366437663366366336643334333866626231
39366632663435383832333133353664383738366338373362396139333061313839356338636236
66363931666238613433353133613661346362633461363665656138346233373330626664613435
38383436613362363032636661323635656534363433343239643766373039316466366335326536
35643662343735663038646135636333373763396163316337363532363634616164643239343833
31623964346263613663313361383239363739616162333738303736666532303837653966356335
64386630653964623832653861663066303138336631346639376630653265373666373437336135
34333463303064376665636636643239393663613664346235383832663530346365616336616636
34363461373138313434386637613739396536393332643934633262333864326136656465376361
31613030346135626665636264313639386535666239653435643634613866636362393762373033
32626463336163313636653264393231353536613463306134613763303032383134663839303839
39353634316639663066303964326338323365336364613263653763383031643834386433613363
35363834656437613739376438343337666464613637393766366137353761383836626137616164
32336465616665636365366633616335646661393266336137613861313063616630323833373233
39633261663563626466306466363834326337656462363831373630336131353835323530666165
30633730383831613233383866636661346565623139646364303863633364316463323331363231
36633238653033366636346265636162643663353566303163343330353063366535383733326432
38613464346433343630313736626131333862353432653561386537626564356238353061666165
35356135373138376561666365366437663436656666613831333734363931376638303439383335
36383131613738636138613138313462396563613633626262646132353363656264623262396336
37633365663333623963396565663432343138343337323830643865393162393536626438346563
36306465626132333333613135353365353934316334663436666432616563366331623665303836
61303536363635333532663932623665623039343435316462343066653330663535303762343761
32323566333537353166326162306562633230626539316235616334343238343335616630626163
38613366323732356263303833613338643431343736656438346562356535626638323835376336
64303932623631313535396439633330353233333338306261383934333662333765336530316266
37346438626664373032316166663034623537616531396136306532643131323631353061633631
63616631376239353961646262346539383237316338643138396565333766323264363535313662
65396565343335636466396462623736393666633061303564656131323831656562373461376566
33356564383037396230373339656366363165646230326437373261643732616333373834643763
39336566636563386636613134353633323039363763313038396333353639383065366138633263
31376234386531643730643366336661383235356661316135353836613662326239386432383131
36323563353131396236636132633633393330643066643662623261376463383234623063373666
66353934666639663034303534366462663134666237346532396564633436623438653137373330
39313466623039613731666234306337346264363235363561376133353939363563323939396664
38613233303466663733346536303234656330653231323634306231303065306564666538303961
37666139313738383633396331353538643033643361336130383964333262633338626665316435
33626431623766623330616363383236663133666133313338626561383538306161353664666261
37333565373262366131613861633062613633376530646535323433333235353937393966333733
37623862376638616237313766653139313934663034363737613036326564643237393732633364
61313564386231393863643030396531393339313263613133373563326233323035373964383937
31613264613365306436386635306137346237666663393336333162396439633639663938373863
66613165633434313765333762613035666231643465633461306539643231303864633535653761
62353639653839613063343066653361303134656465633861663037313139326235656338393066
34306137383762383132636164623666653761306362666631613331376664326136613963336433
33323263323665613161376465376637636135336364626139616266333835623039383733376236
61613230623965313635376632353436356431616266663562376664383130363237323163383665
62633866383164633636353730663562626139306264386534633262393266386531633236373764
63313662356230323831393461663966646664316131353861346232613364393130663236666631
37663235333333393035653962386335333233646364363535633838643066306232373265366361
63366231633634616431626562626362353965616561313236636363333462646434346635636263
31656663646233373230393063333238643964393733643766363839393530633863613438653732
39616164353734633831366665396230636432353639623861313663353937346366333732396437
38633535306636653365366430373730306436376262636461663364353837653430393634636561
66616538393034623363386137303032386131346166616563316236643062613033646366333566
36356233373362356436303633383831366366386162643934313336666162326161396635633430
63346633323063653861386537386563333537613764373634393662623830613664303763613137
62373937663566613034386534366134353465653461643365626639306237353334376539393561
62346164633232653662373036396566363938333166303430623463333665666135383334383531
39666230636465616661656263623534306561633664663331646362646538643131633535336437
39636630343931383333306334663739633562373337623963393436626333323138323364613531
64643833623362613862326261623062326339343862373564613562636566623439336237626536
30613438343762396532326136616139646534663162666165396565393339363765633965373034
36356337303637383762633834613539613137343634653731383137316263383064643132353236
36626365643630626665373362616261653565373133343334653838343739386533656164313738
64373636313363326136386537643430386132643833653439646336326332643662636339383264
61323566333565343936613236343936353465623963326565356236306139616339356439343336
30396337303065386166303534336265343162313162363961383966626264643736383661653463
37306332363735633232303636633239613730343930366535666331326162376538393234396433
39316666623334313766316532613435343132613966386465373462333034666439616565616433
39313634666263336530343863303064636538396463393838313663613762616330613864323333
36656637653035336662343138333130343232346461666436653764303839386538613039323937
31646535323564393030346431323164616132616564376533656563336137646464376366393161
63316162366539633963323861633865663932656636613736356233373265373330653263303439
64323766313866376435656265383962313966646461366232316362363239623035353233383262
64343561396231633635663834656335646266363864306465323362383932373232323731303533
39343762653434306566626162626162303131633735656364633361373638306366636233356433
39363361313334376265623631333964356638623764326137393035613661366162666638663931
38643431393833613835343265396534663664373863326361313136313764323430343032333633
36313764393238303033303734306566633831393062623465343730663635613364666231343464
33643362656537633434323766626137396439653734303431383231323761343532663937316663
34306235623535646664353739646661656366623938303137343066363738336234326664333736
31333630373339343838643933303030316633646165613062663135636635333963386438323266
66376563326238346530373062346235666463353437353762346539633637656437663730323464
39336431623264396336306533303135646539383738333862353236336632343638613930396530
30356463383533623762383039333566666133623466353064653132316264313164376665616566
33623835613839363266323033383833636635643665353238623463663233643939356534383965
39393636356634363662366330663762653932636131633862326265656262383565656239666663
35376661386239326561633166353363323262613635646635316635386632306437316262616535
62616365346564396162663339376239363733353932633131613232626166623030653961666232
30623935346665353463383566353165623932386537626161653362303130313163323764646165
39623738656663643436373063306533613135646535386136363339343833326534353335633463
39303062633839623734373461333838373136363732373931356438333430313237313536396666
62333430636134666364656430303162323830316664303530333961356231383236656136633630
61636565643162373661356234313230356666353535613836613731396439663363646431323230
39383462353732336634383032363066346433356532353538346436373961643463313664326531
61396231313230393164343965653933396434336364343964393132663437633635643634336464
31623566646663646436613734343965643562666638306539626466306163653939666631333834
63363636383664643533646434303666636536333237383762656338306133393965383132633563
35333735636338303336613363646134626165323463353334353131383833353961633139353763
62653964383338333637653464616261376665333634393433326430633234636262613065633935
38356336353531663135333234353433336138626630656561653438663438643235333932353432
39316239343338306336643963663333623062336334323037643930353233623030646364623661
31306366363831313837393039376665656333363164656239366531373134363336646161343135
34303037366339393436326561616564623531623061383632393031623564643937633034333664
36313966613632303637636332656465346561656335383865383833383538353737313231366236
35343061653039636464376233313936643438326538383935356230636432386635333330306133
65303836313665383337633362646264333732383462343932383164343661366636626131386631
34643634633032336461386536626137616666396663353763356465313363313636616538656364
37313366313761396234626432646262313538353132636166353638303936396235633639326635
36333338653634376134636336626162643363623739386535376535613061353238666133383030
62383139623139616335393463653564613138623534363364636161333737653830636230613364
66656366316262396138653362353439376237636263653339636439386536303961393130373561
65303761363632366132636332663032323161323333323661306266646334343963326566666538
37323462383635313639323834643338623038393261363234383438363734313161383738633839
62393634313534373665643933383432616133653934623437376132626638633863353537323838
36646139353965333933313239636635316162613561623339326230666261643264633739623766
63373032336664313866633963316439613531386535383533663966663636383734636339373437
32613439656633613536353438373633653138646263393232373563376131663330646430353932
61383263356333363839666161643634373962343737366331366336333462346162643765333035
63303163323839636234373737636131316462666539643333393864366633646264353233346431
35396630373038613464653932646638636138323339323135336535363464643230366131396237
30313935653331343234396263383137656337333962336262386137323237313636323262376161
35633861653937623763393262356230333932326564633366666263343731646130346634393833
38336436616136303231393964643335336230383539323236373432643763643831653865333038
37656661313136633538393533336235393662333635353865636365646462653733613334613962
32613231626630326339343830666331613939646661663063353330343034353135343562626237
35393161336634613336356630346666643639613231303234376234366239303635303533633431
62393365333534313537353762303862363034666561623537343937356131633436303363313864
33646231333937356530613231326337333264313832346334366364356538613236663933363965
62613538366339626531633265643636633632313937623731656561643064386466656237393166
33333064616263646333353134343935306665653261366234363030343738323933303862336436
31636632653031323265396466373338643761636330646539626531373830643062353661376263
64323566346537396336643165643565303633663231316438383031653664663265666430656664
37373332386439346433363530383962613166663034643835376133366239333930356231383133
30636635323432663237613965613733633964343230613430656365393630393230303334666562
38623961366464303366363739376234313535333738323936303939643830613938376338633931
37373130366166316561656661366664376666353763383964633732643265353231646166306266
36613239336534373263643039643339396436316132326433633563393234343966333361313536
64323864353462373131663563613761646261313237363665323063646261376666306132353163
64653437303764303135303161663839623761396266643930396431323231613666363937393031
61373561313964633832376136313566303065326263373331623830366134656336313530343166
38666336653861393263316364313035616134393166396439623033356661386336626532323335
64393635303630663035353637643335343063343131636139303839323234306462643863633233
30393265393431303263646465363432303332306134323935356432346538653136396533613465
34353239626235623930663136643265343862316339313637333937303038376564643561656262
33643338373538343163396638323963376638366431656532386130303237363933353330323733
39613365353263613137376238356536643830663138316436303864636162663264
